1.1521
0.5781
0.6633
0.6585
1.0467
0.6474
0.3693
0.2125
0.1606
0.1799
0.1884
0.1565
0.1234
0.1329
0.1287
0.1621
0.2811
0.5300
0.6609
0.4588
0.5504
0.7312
0.5757
0.6248
0.7038
0.5473
0.5899
0.8406
0.6090
0.9235
0.6021
0.4774
0.2873
0.1780
0.0980
0.1046
0.1088
0.1210
0.1372
0.1463
0.1788
0.2147
0.2356
0.2281
0.2186
0.1986
0.2383
0.3395
0.3351
0.3346
0.2626
0.1739
0.1216
0.1114
0.1253
0.1328
0.1433
0.1606
0.2057
0.3580
0.7377
0.4545
0.2677
0.2153
0.2598
0.3073
0.4415
0.6068
1.6200
1.1829
0.5443
0.6982
0.5024
0.6074
0.4609
0.5245
0.4377
0.4495
0.2910
0.7917
0.4286
0.2672
0.2558
0.2474
0.1914
0.2074
0.3279
0.4962
0.7125
0.6576
0.4422
0.3883
0.6507
0.5553
0.7749
0.6940
0.7670
0.7432
0.7227
0.8732
0.6821
0.7537
0.7680
0.6395
0.4936
0.4858
0.4750
0.6176
0.6472
0.7322
0.7833
0.5590
0.7838
0.6370
0.6099
0.3336
0.5117
0.3688
0.4370
1.5237
0.8381
0.5906
0.7406
0.6802
0.6556
0.7615
0.7454
0.8245
0.5318
0.5786
0.6669
0.8650
0.5943
0.7017
0.3260
0.5260
0.4966
