0.4782
0.9436
1.0963
0.6422
0.3442
0.2120
0.1862
0.1832
0.2035
0.2003
0.1581
0.1470
0.1590
0.1571
0.2523
0.3839
0.5788
0.7683
0.7218
0.6049
0.6637
0.7715
0.8686
0.9404
0.8027
0.7488
0.7942
0.8598
0.9492
0.5418
0.3729
0.1987
0.1270
0.1126
0.1274
0.1460
0.1568
0.1701
0.1972
0.2475
0.2802
0.2952
0.2898
0.2274
0.2541
0.2991
0.3215
0.3262
0.3030
0.2298
0.1727
0.1359
0.1310
0.1307
0.1450
0.1566
0.2005
0.2790
0.4928
0.7805
1.1508
0.4481
0.4671
0.5483
0.3160
0.2939
0.4544
2.2607
0.9517
0.8624
0.7908
0.8028
0.6550
0.5655
0.5740
0.4523
0.3091
0.5611
0.7110
0.3046
0.2680
0.3090
0.2550
0.2376
0.3486
0.4922
0.5663
0.9166
0.6590
0.5935
0.3841
0.8217
0.9139
0.7970
0.8227
0.6621
0.6974
0.7862
0.8776
0.6928
0.7579
0.7126
0.7342
0.7294
0.8673
0.7466
0.7783
0.7260
0.8105
0.7373
0.7612
0.6462
0.7478
0.5095
0.4019
0.2195
0.2284
1.0341
0.8567
1.1680
0.7429
0.8866
0.8892
0.9060
0.9291
0.8827
0.7112
0.6948
0.6822
0.8176
0.7958
0.6302
0.5624
0.4526
0.4306
0.4181
0.2547
